1
4
5
6
7
8
9
10
11
13
14
15
16
17
18
20
21
23
25
26
27
30
33
34
36
37
40
42
45
52
53
54
58
59
63
68
70
71
74
75
76
77
78
80
81
82
84
87
88
89
90
91
92
93
96
97
99
100
102
104
106
108
111
113
114
115
118
119
121
122
123
124
125
126
128
129
130
132
134
136
137
139
140
141
142
143
145
146
148
149
150
152
153
154
156
157
158
159
160
161
164
166
168
169
170
171
172
174
175
176
179
180
181
182
183
184
185
187
188
189
190
191
192
193
194
195
196
198
199
200
201
203
204
205
207
208
209
210
211
213
214
215
216
217
219
220
222
223
224
225
226
227
228
229
231
232
233
235
236
237
238
239
241
242
243
245
246
247
248
249
250
251
252
253
254
256
257
262
264
266
267
269
270
273
274
275
278
279
280
281
282
283
284
285
286
287
289
291
292
293
294
296
297
299
300
301
302
303
305
306
309
310
311
312
313
317
318
320
321
322
323
324
325
328
329
330
331
332
334
336
338
339
341
342
343
344
348
349
351
352
353
354
355
356
357
358
359
361
362
363
364
365
366
371
373
375
376
378
379
380
383
384
385
387
390
393
395
398
401
402
407
419
426
429
436
445
446
448
457
463
465
468
469
476
480
488
493
498
504
505
514
515
516
517
527
532
536
553
554
556
560
562
564
568
569
570
572
575
576
577
578
579
580
582
583
588
592
597
599
600
603
604
605
610
611
612
613
614
615
616
617
619
620
622
624
625
627
628
629
630
631
633
635
637
645
647
653
655
656
657
658
661
663
665
666
668
669
670
675
678
680
681
688
689
691
692
696
697
698
699
703
704
709
710
713
717
718
725
726
727
729
730
731
733
734
736
737
738
740
742
743
744
745
746
747
748
749
750
751
752
753
756
757
758
760
761
762
763
764
765
766
767
770
771
772
773
774
775
776
777
779
780
782
784
785
786
787
789
790
791
792
793
794
797
798
799
800
801
802
804
805
806
807
809
810
811
812
813
814
815
817
818
819
820
821
822
823
824
827
828
830
831
832
833
834
835
837
838
839
840
841
843
846
847
848
849
850
851
852
853
854
855
856
857
859
860
863
865
866
867
868
869
871
872
874
879
880
882
883
884
885
886
888
889
890
891
892
894
895
896
897
898
899
900
902
905
906
907
908
910
911
912
913
914
916
918
922
924
926
928
929
930
931
932
933
934
936
937
938
939
940
941
942
943
945
946
947
949
950
951
952
953
954
955
956
957
959
960
961
964
965
966
967
968
969
970
972
973
974
975
976
977
978
979
980
981
982
983
984
985
986
987
988
989
990
991
992
993
994
995
996
997
998
1000
1001
1002
1003
1004
1006
1007
1009
1010
1011
1012
1013
1015
1017
1018
1019
1023
1024
1025
1026
1028
1029
1030
1031
1033
1036
1038
1043
1045
1047
1049
1052
1057
1058
1064
1071
1073
1080
1091
1095
1096
1106
1107
1109
1121
1123
1124
1129
1136
1147
1151
1152
1159
1168
1171
1174
1175
1176
1177
1183
1184
1185
1191
1192
1195
1198
1200
1202
1203
1205
1206
1210
1213
1215
1218
1220
1221
1229
1232
1234
1236
1237
1239
1241
1245
1247
1248
1252
1253
1256
1258
1259
1260
1261
1262
1263
1264
1265
1266
1267
1268
1271
1272
1274
1275
1276
1278
1280
1283
1284
1285
1288
1290
1291
1293
1294
1295
1296
1297
1298
1299
1300
1301
1303
1304
1307
1308
1309
1311
1314
1315
1318
1319
1320
1321
1322
1324
1325
1326
1328
1329
1330
1331
1332
1333
1334
1335
1336
1338
1340
1341
1343
1345
1346
1347
1348
1349
1350
1351
1352
1355
1357
1358
1359
1360
1361
1362
1363
1365
1366
1367
1368
1369
1370
1371
1372
1374
1375
1376
1377
1378
1379
1380
1381
1382
1384
1385
1386
1388
1389
1390
1391
1392
1394
1395
1396
1397
1398
1400
1402
1403
1404
1405
1406
1407
1409
1410
1411
1412
1413
1416
1417
1418
1419
1420
1421
1422
1423
1424
1425
1426
1429
1431
1432
1433
1434
1435
1436
1437
1440
1441
1442
1443
1444
1446
1447
1448
1449
1450
1451
1455
1456
1458
1459
1461
1463
1464
1468
1469
1471
1472
1473
1474
1475
1476
1477
1478
1480
1483
1484
1485
1486
1487
1489
1490
1491
1492
1493
1495
1497
1498
1499
1500
1501
1502
1503
1504
1505
1506
1507
1508
1509
1510
1511
1512
1513
1514
1516
1517
1518
1519
1521
1522
1524
1525
1528
1529
1530
1531
1533
1538
1539
1541
1544
1545
1547
1549
1555
1559
1560
1562
1565
1569
1570
1571
1572
1573
1574
1575
1577
1579
1580
1582
1583
1584
1585
1586
1587
1588
1589
1591
1592
1593
1596
1597
1599
1600
1603
1604
1605
1606
1609
1613
1614
1615
1617
1618
1619
1620
1621
1622
1623
1624
1625
1629
1631
1633
1634
1635
1636
1637
1648
1649
1651
1653
1656
1677
1678
1690
1691
1693
1694
1708
1724
1725
1726
1727
1733
1735
1749
1750
1760
1761
1765
1774
1780
1794
1795
1796
1797
1798
1807
1808
1811
1812
1815
1816
1819
1820
1822
1823
1824
1826
1828
1832
1833
1834
1835
1837
1840
1842
1849
1850
1852
1861
1863
1864
1865
1873
1876
1880
1881
1885
1887
1890
1891
1892
1893
1898
1899
1901
1903
1904
1905
1907
1910
1911
1912
1914
1915
1917
1918
1922
1925
1927
1928
1930
1931
1936
1938
1939
1940
1941
1942
1943
1944
1947
1949
1950
1951
1952
1953
1956
1958
1959
1961
1963
1965
1971
1972
1973
1974
1976
1977
1978
1979
1980
1982
1983
1985
1987
1988
1989
1990
1991
1992
1993
1994
1997
1998
1999
2000
2001
2002
2005
2006
2007
2008
2009
2010
2011
2012
2014
2016
2017
2018
2019
2020
2021
2022
2023
2024
2025
2026
2029
2031
2032
2033
2034
2036
2038
2039
2040
2041
2042
2043
2044
2045
2047
2048
2050
2051
2052
2053
2054
2055
2056
2057
2058
2059
2060
2061
2062
2063
2064
2065
2066
2068
2069
2071
2074
2076
2077
2078
2080
2081
2083
2085
2086
2088
2089
2090
2092
2093
2094
2095
2096
2098
2101
2102
2103
2104
2105
2106
2107
2109
2111
2112
2113
2114
2116
2117
2118
2119
2120
2121
2122
2123
2124
2125
2127
2129
2131
2132
2133
2134
2136
2138
2139
2140
2142
2143
2144
2145
2147
2148
2149
2150
2152
2153
2154
2155
2158
2159
2160
2161
2163
2164
2165
2166
2167
2168
2169
2170
2172
2173
2174
2175
2176
2177
2178
2180
2183
2185
2186
2187
2189
2190
2191
2192
2194
2195
2196
2197
2200
2201
2204
2205
2206
2207
2209
2211
2213
2214
2219
2220
2222
2224
2225
2226
2227
2229
2230
2232
2234
2235
2237
2239
2240
2241
2242
2243
2244
2245
2246
2248
2250
2251
2252
2254
2257
2261
2268
2269
2274
2283
2286
2293
2316
2331
2333
2337
2338
2340
2341
2343
2355
2356
2366
2381
2383
2385
2393
2397
2409
2414
2421
2422
2423
2427
2429
2435
2439
2440
2442
2443
2444
2446
2447
2448
2449
2452
2453
2458
2459
2461
2462
2464
2466
2467
2468
2471
2474
2475
2476
2477
2478
2480
2481
2482
2483
2485
2486
2487
2488
2489
2490
2492
2493
2496
2497
2499
2500
2501
2503
2504
2505
2508
2509
2511
2512
2513
2514
2515
2516
2518
2519
2521
2523
2524
2526
2527
2528
2531
2532
2533
2534
2537
2541
2542
2543
2546
2547
2548
2550
2551
2553
2555
2556
2557
2559
2561
2563
2565
2566
2568
2569
2571
2572
2574
2575
2579
2580
2581
2583
2584
2585
2586
2590
2595
2597
2599
2600
2602
2604
2605
2607
2608
2609
2611
2612
2613
2614
2616
2617
2618
2619
2620
2621
2622
2624
2625
2627
2628
2629
2630
2631
2632
2633
2634
2635
2636
2637
2638
2639
2640
2641
2642
2643
2644
2645
2646
2647
2648
2649
2650
2652
2654
2655
2656
2657
2658
2659
2660
2662
2663
2664
2665
2666
2667
2668
2669
2670
2671
2672
2674
2675
2676
2677
2678
2679
2680
2683
2684
2685
2686
2687
2688
2689
2690
2691
2692
2693
2694
2695
2696
2697
2699
2700
2702
2703
2704
2705
2709
2710
2711
2712
2713
2714
2718
2719
2721
2723
2724
2725
2727
2730
2731
2732
2733
2734
2735
2736
2737
2738
2739
2740
2741
2742
2743
2744
2745
2748
2749
2750
2752
2753
2754
2756
