121
130
143
152
153
158
164
166
199
204
206
211
220
229
230
236
237
254
260
262
264
265
269
281
284
292
295
296
303
311
316
326
327
333
336
351
381
385
388
393
394
395
396
398
402
404
409
412
414
420
425
426
428
436
437
442
444
446
451
452
467
471
473
480
481
484
485
489
494
498
499
502
515
516
517
519
520
521
524
525
528
529
530
531
533
535
538
540
543
546
549
551
553
554
557
558
560
563
564
566
569
573
577
578
584
588
589
598
601
604
605
607
609
617
625
627
630
727
745
753
755
756
777
781
786
790
796
800
803
804
807
811
836
845
850
860
882
921
927
934
944
953
970
977
985
988
991
995
1015
1021
1030
1032
1033
1038
1039
1040
1041
1042
1043
1045
1048
1051
1052
1053
1055
1069
1070
1071
1072
1073
1074
1076
1077
1079
1083
1091
1094
1099
1100
1103
1107
1114
1116
1123
1124
1126
1127
1128
1131
1132
1133
1135
1144
1145
1149
1152
1158
1159
1162
1164
1167
1169
1170
1171
1172
1173
1174
1175
1176
1177
1179
1181
1182
1185
1186
1187
1188
1189
1190
1191
1193
1195
1196
1197
1198
1199
1200
1201
1203
1204
1205
1207
1209
1213
1214
1215
1216
1217
1218
1219
1220
1221
1222
1223
1225
1226
1227
1228
1229
1230
1231
1233
1235
1236
1237
1238
1240
1242
1243
1246
1250
1251
1325
1340
1344
1360
1372
1374
1380
1388
1395
1400
1445
1446
1451
1467
1473
1477
1490
1499
1519
1540
1543
1545
1554
1558
1559
1575
1577
1597
1599
1620
1640
1645
1648
1649
1657
1659
1661
1663
1664
1667
1672
1676
1678
1680
1683
1685
1686
1690
1691
1693
1694
1696
1706
1708
1712
1718
1724
1725
1726
1727
1728
1732
1733
1735
1740
1741
1742
1743
1746
1747
1748
1749
1750
1752
1755
1757
1759
1760
1761
1765
1769
1771
1773
1775
1777
1778
1780
1781
1782
1785
1795
1796
1797
1798
1803
1805
1806
1811
1818
1819
1821
1827
1832
1834
1835
1840
1841
1842
1845
1849
1852
1853
1859
1860
1861
1863
1864
1865
1866
1868
1869
1871
1874
1877
1885
1893
1895
1896
1901
1902
1904
1905
2007
2009
2017
2033
2039
2043
2049
2051
2057
2069
2071
2072
2094
2096
2097
2105
2107
2139
2146
2148
2152
2157
2161
2162
2172
2184
2193
2229
2238
2253
2255
2258
2259
2272
2274
2279
2282
2287
2290
2291
2295
2297
2298
2300
2302
2310
2311
2317
2319
2320
2322
2324
2326
2327
2329
2330
2337
2339
2340
2343
2349
2355
2356
2358
2359
2366
2370
2376
2378
2382
2389
2393
2397
2399
2400
2404
2408
2413
2414
2416
2419
2421
2423
2424
2425
2432
2433
2434
2435
2436
2439
2442
2443
2445
2447
2461
2462
2467
2469
2473
2476
2478
2484
2486
2488
2489
2492
2493
2494
2496
2623
2626
2638
2651
2656
2662
2672
2673
2674
2680
2683
2686
2690
2693
2698
2702
2711
2715
2719
2727
