11
31
34
48
89
91
128
132
145
146
149
159
174
185
186
203
210
213
233
245
251
278
282
502
537
543
546
555
603
613
615
620
627
647
649
658
676
680
712
713
714
715
720
727
728
733
734
755
761
793
799
803
825
832
834
851
859
868
879
897
905
913
924
931
945
951
975
976
986
1060
1062
1063
1074
1145
1154
1200
1202
1217
1218
1221
1238
1247
1253
1256
1278
1280
1297
1307
1323
1324
1332
1349
1357
1369
1379
1384
1389
1414
1419
1431
1440
1448
1459
1471
1476
1478
1482
1492
1502
1528
1530
1538
1572
1600
1634
1639
1643
1658
1663
1686
1706
1754
1809
1822
1825
1853
1861
1880
1885
1893
1914
1924
1949
1958
1962
1969
1974
1975
1982
2003
2022
2023
2055
2059
2061
2062
2064
2068
2079
2088
2112
2114
2117
2142
2143
2185
2213
2222
2243
2244
2290
2291
2344
2388
2442
2446
2451
2458
2462
2463
2474
2480
2485
2487
2509
2511
2518
2521
2522
2528
2533
2569
2571
2572
2598
2607
2611
2616
2619
2621
2627
2632
2637
2642
2644
2650
2669
2686
2704
2716
2724
2731
2732
2733
2734
2739
2741
2744
2745
2756
